{
  "advancedEditorSelectedIdentifier" : "ProjectBrowser",
  "openSceneRelativePaths" : [
    "Immersive.usda"
  ],
  "recentIdentifiers" : {
    "AF09ED6F-1707-48FD-8720-65B998362C09" : [

    ]
  },
  "sceneCameraHistory" : {
    "AF09ED6F-1707-48FD-8720-65B998362C09" : [
      {
        "date" : 773934821.060325,
        "title" : "Untitled",
        "transform" : [
          -0.8929345,
          -5.5883764e-09,
          0.45018667,
          0,
          0.11141857,
          0.9688895,
          0.2209959,
          0,
          -0.43618104,
          0.247494,
          -0.8651548,
          0,
          -7.8448386,
          3.4967842,
          -14.828009,
          1
        ]
      },
      {
        "date" : 773934810.468737,
        "title" : "Untitled",
        "transform" : [
          0.927003,
          -1.1368211e-08,
          -0.37505382,
          0,
          -0.24700484,
          0.7525064,
          -0.61051023,
          0,
          0.28223038,
          0.65858495,
          0.6975757,
          0,
          5.324541,
          10.698003,
          12.281728,
          1
        ]
      },
      {
        "date" : 773934798.756502,
        "title" : "Untitled",
        "transform" : [
          -0.2729799,
          -9.888889e-09,
          0.96201974,
          0,
          0.27896872,
          0.95703197,
          0.07915934,
          0,
          -0.9206838,
          0.28998232,
          -0.26125053,
          0,
          -5.00253,
          1.3184725,
          -1.3128034,
          1
        ]
      },
      {
        "date" : 773934786.334799,
        "title" : "Untitled",
        "transform" : [
          0.9995223,
          -9.230597e-09,
          0.03090118,
          0,
          0.0122716455,
          0.91776454,
          -0.39693552,
          0,
          -0.02836005,
          0.39712512,
          0.9173263,
          0,
          -0.051506974,
          1.8989881,
          4.9878163,
          1
        ]
      },
      {
        "date" : 773934771.267742,
        "title" : "Untitled",
        "transform" : [
          0.9838065,
          -9.246649e-09,
          0.1792337,
          0,
          0.07856954,
          0.8987978,
          -0.43126494,
          0,
          -0.1610949,
          0.43836352,
          0.88424313,
          0,
          -0.77649206,
          2.1233397,
          4.8348327,
          1
        ]
      },
      {
        "date" : 773934761.609112,
        "title" : "Untitled",
        "transform" : [
          0.99944794,
          7.0963746e-09,
          0.033220984,
          0,
          0.0112776905,
          0.9406151,
          -0.3392874,
          0,
          -0.031248184,
          0.3394747,
          0.94009584,
          0,
          -0.066675365,
          1.5862204,
          5.0957403,
          1
        ]
      },
      {
        "date" : 773934728.247322,
        "title" : "Untitled",
        "transform" : [
          0.98926103,
          9.02159e-09,
          0.14615996,
          0,
          0.06560567,
          0.8936011,
          -0.44404176,
          0,
          -0.13060872,
          0.448862,
          0.88400465,
          0,
          -2.2440178,
          8.017288,
          17.770433,
          1
        ]
      },
      {
        "date" : 773934712.063754,
        "title" : "Untitled",
        "transform" : [
          0.98217887,
          9.14285e-09,
          0.18794867,
          0,
          0.063408725,
          0.94137114,
          -0.3313602,
          0,
          -0.17692949,
          0.3373724,
          0.9245949,
          0,
          -3.1526995,
          5.7902546,
          18.483353,
          1
        ]
      },
      {
        "date" : 773934705.918925,
        "title" : "Untitled",
        "transform" : [
          0.99280345,
          5.832167e-09,
          0.119754985,
          0,
          0.085356064,
          0.70141214,
          -0.7076265,
          0,
          -0.08399764,
          0.71275574,
          0.6963645,
          0,
          -1.3463192,
          13.357774,
          14.312869,
          1
        ]
      },
      {
        "date" : 773934701.412733,
        "title" : "Untitled",
        "transform" : [
          0.9904239,
          7.72301e-09,
          0.1380588,
          0,
          0.04243966,
          0.95157945,
          -0.30445912,
          0,
          -0.13137396,
          0.30740258,
          0.9424673,
          0,
          -0.9915643,
          2.2765765,
          9.847035,
          1
        ]
      }
    ]
  },
  "sceneViewportBackgroundColors" : {

  }
}