{
  "advancedEditorSelectedIdentifier" : "ProjectBrowser",
  "openSceneRelativePaths" : [
    "Immersive.usda"
  ],
  "recentIdentifiers" : {
    "AF09ED6F-1707-48FD-8720-65B998362C09" : [

    ]
  },
  "sceneCameraHistory" : {
    "AF09ED6F-1707-48FD-8720-65B998362C09" : [
      {
        "date" : 774439333.79347,
        "title" : "Untitled",
        "transform" : [
          0.99929124,
          -5.56647e-09,
          0.0376424,
          0,
          0.014468553,
          0.9231787,
          -0.38409856,
          0,
          -0.0347507,
          0.38437092,
          0.9225244,
          0,
          -0.2765,
          5.8744097,
          16.09515,
          1
        ]
      },
      {
        "date" : 774439327.242955,
        "title" : "Untitled",
        "transform" : [
          0.99998176,
          -5.5917186e-09,
          -0.0060359677,
          0,
          -0.0021276164,
          0.93582165,
          -0.35246745,
          0,
          0.0056485534,
          0.35247383,
          0.9358046,
          0,
          0.42785308,
          5.318821,
          16.28392,
          1
        ]
      },
      {
        "date" : 774439249.953316,
        "title" : "Untitled",
        "transform" : [
          0.99924976,
          -5.5767666e-09,
          0.038727973,
          0,
          0.016275536,
          0.9074059,
          -0.4199399,
          0,
          -0.03514203,
          0.42025515,
          0.9067252,
          0,
          -0.2845902,
          6.5006285,
          15.852438,
          1
        ]
      },
      {
        "date" : 774439227.953877,
        "title" : "Untitled",
        "transform" : [
          0.9999341,
          -5.557194e-09,
          0.011485221,
          0,
          0.0035084651,
          0.952197,
          -0.30546448,
          0,
          -0.010936235,
          0.3054846,
          0.95213425,
          0,
          0.1396763,
          4.5020714,
          16.533323,
          1
        ]
      },
      {
        "date" : 774438906.823567,
        "title" : "Untitled",
        "transform" : [
          0.98808664,
          -5.5716134e-09,
          0.15389882,
          0,
          0.05682865,
          0.92932606,
          -0.36486128,
          0,
          -0.14302222,
          0.36926037,
          0.9182546,
          0,
          -2.1656587,
          5.6110907,
          16.0457,
          1
        ]
      },
      {
        "date" : 773934821.060325,
        "title" : "Untitled",
        "transform" : [
          -0.8929345,
          -5.5883764e-09,
          0.45018667,
          0,
          0.11141857,
          0.9688895,
          0.2209959,
          0,
          -0.43618104,
          0.247494,
          -0.8651548,
          0,
          -7.8448386,
          3.4967842,
          -14.828009,
          1
        ]
      },
      {
        "date" : 773934810.468737,
        "title" : "Untitled",
        "transform" : [
          0.927003,
          -1.1368211e-08,
          -0.37505382,
          0,
          -0.24700484,
          0.7525064,
          -0.61051023,
          0,
          0.28223038,
          0.65858495,
          0.6975757,
          0,
          5.324541,
          10.698003,
          12.281728,
          1
        ]
      },
      {
        "date" : 773934798.756502,
        "title" : "Untitled",
        "transform" : [
          -0.2729799,
          -9.888889e-09,
          0.96201974,
          0,
          0.27896872,
          0.95703197,
          0.07915934,
          0,
          -0.9206838,
          0.28998232,
          -0.26125053,
          0,
          -5.00253,
          1.3184725,
          -1.3128034,
          1
        ]
      },
      {
        "date" : 773934786.334799,
        "title" : "Untitled",
        "transform" : [
          0.9995223,
          -9.230597e-09,
          0.03090118,
          0,
          0.0122716455,
          0.91776454,
          -0.39693552,
          0,
          -0.02836005,
          0.39712512,
          0.9173263,
          0,
          -0.051506974,
          1.8989881,
          4.9878163,
          1
        ]
      },
      {
        "date" : 773934771.267742,
        "title" : "Untitled",
        "transform" : [
          0.9838065,
          -9.246649e-09,
          0.1792337,
          0,
          0.07856954,
          0.8987978,
          -0.43126494,
          0,
          -0.1610949,
          0.43836352,
          0.88424313,
          0,
          -0.77649206,
          2.1233397,
          4.8348327,
          1
        ]
      }
    ]
  },
  "sceneViewportBackgroundColors" : {

  }
}