{
  "advancedEditorSelectedIdentifier" : "ProjectBrowser",
  "openSceneRelativePaths" : [
    "Immersive.usda"
  ],
  "recentIdentifiers" : {
    "AF09ED6F-1707-48FD-8720-65B998362C09" : [

    ]
  },
  "sceneCameraHistory" : {
    "AF09ED6F-1707-48FD-8720-65B998362C09" : [
      {
        "date" : 774530535.373131,
        "title" : "Untitled",
        "transform" : [
          0.99156237,
          -6.662135e-09,
          0.12963073,
          0,
          0.045708038,
          0.935773,
          -0.34962767,
          0,
          -0.12130495,
          0.35260284,
          0.92787737,
          0,
          -11.534998,
          39.52539,
          76.795975,
          1
        ]
      },
      {
        "date" : 774530339.394933,
        "title" : "Untitled",
        "transform" : [
          0.99156225,
          -6.662134e-09,
          0.12963071,
          0,
          0.045708038,
          0.935773,
          -0.34962767,
          0,
          -0.12130495,
          0.35260284,
          0.92787737,
          0,
          -6.090963,
          44.742233,
          87.791794,
          1
        ]
      },
      {
        "date" : 774530335.811232,
        "title" : "Untitled",
        "transform" : [
          0.97951084,
          -6.863159e-09,
          0.20139083,
          0,
          0.086514935,
          0.9030251,
          -0.42078593,
          0,
          -0.18186103,
          0.42958778,
          0.88452303,
          0,
          -11.643697,
          51.92803,
          83.15209,
          1
        ]
      },
      {
        "date" : 774529959.885023,
        "title" : "Untitled",
        "transform" : [
          0.9999198,
          -7.917058e-09,
          0.012663467,
          0,
          0.0044587795,
          0.93596023,
          -0.3520774,
          0,
          -0.011852549,
          0.35210568,
          0.93588525,
          0,
          4.227844,
          44.695564,
          87.92496,
          1
        ]
      },
      {
        "date" : 774529946.624024,
        "title" : "Untitled",
        "transform" : [
          0.9927631,
          -4.9312385e-09,
          0.12008903,
          0,
          0.033345982,
          0.96067417,
          -0.2756684,
          0,
          -0.115366474,
          0.2776779,
          0.9537218,
          0,
          -4.719352,
          11.340056,
          46.756317,
          1
        ]
      },
      {
        "date" : 774527595.23873,
        "title" : "Untitled",
        "transform" : [
          0.99929124,
          -5.56647e-09,
          0.0376424,
          0,
          0.014468553,
          0.9231787,
          -0.38409856,
          0,
          -0.0347507,
          0.38437092,
          0.9225244,
          0,
          -0.78004515,
          16.572533,
          45.40667,
          1
        ]
      },
      {
        "date" : 774439333.79347,
        "title" : "Untitled",
        "transform" : [
          0.99929124,
          -5.56647e-09,
          0.0376424,
          0,
          0.014468553,
          0.9231787,
          -0.38409856,
          0,
          -0.0347507,
          0.38437092,
          0.9225244,
          0,
          -0.2765,
          5.8744097,
          16.09515,
          1
        ]
      },
      {
        "date" : 774439327.242955,
        "title" : "Untitled",
        "transform" : [
          0.99998176,
          -5.5917186e-09,
          -0.0060359677,
          0,
          -0.0021276164,
          0.93582165,
          -0.35246745,
          0,
          0.0056485534,
          0.35247383,
          0.9358046,
          0,
          0.42785308,
          5.318821,
          16.28392,
          1
        ]
      },
      {
        "date" : 774439249.953316,
        "title" : "Untitled",
        "transform" : [
          0.99924976,
          -5.5767666e-09,
          0.038727973,
          0,
          0.016275536,
          0.9074059,
          -0.4199399,
          0,
          -0.03514203,
          0.42025515,
          0.9067252,
          0,
          -0.2845902,
          6.5006285,
          15.852438,
          1
        ]
      },
      {
        "date" : 774439227.953877,
        "title" : "Untitled",
        "transform" : [
          0.9999341,
          -5.557194e-09,
          0.011485221,
          0,
          0.0035084651,
          0.952197,
          -0.30546448,
          0,
          -0.010936235,
          0.3054846,
          0.95213425,
          0,
          0.1396763,
          4.5020714,
          16.533323,
          1
        ]
      }
    ]
  },
  "sceneViewportBackgroundColors" : {

  }
}