{
  "advancedEditorSelectedIdentifier" : "ProjectBrowser",
  "openSceneRelativePaths" : [
    "Immersive.usda"
  ],
  "recentIdentifiers" : {
    "AF09ED6F-1707-48FD-8720-65B998362C09" : [

    ]
  },
  "sceneCameraHistory" : {
    "AF09ED6F-1707-48FD-8720-65B998362C09" : [
      {
        "date" : 774510423.014012,
        "title" : "Untitled",
        "transform" : [
          0.99299335,
          -6.88513e-09,
          0.11816939,
          0,
          0.044521887,
          0.9263095,
          -0.37412342,
          0,
          -0.10946144,
          0.37676322,
          0.9198193,
          0,
          -5.0877275,
          9.903887,
          23.858152,
          1
        ]
      },
      {
        "date" : 774510419.134181,
        "title" : "Untitled",
        "transform" : [
          0.9994397,
          -6.842907e-09,
          0.033468574,
          0,
          0.012854346,
          0.9233031,
          -0.38385674,
          0,
          -0.030901639,
          0.38407195,
          0.9227859,
          0,
          -3.0419054,
          10.095555,
          24.124882,
          1
        ]
      },
      {
        "date" : 774509612.135459,
        "title" : "Untitled",
        "transform" : [
          0.9994397,
          -6.842907e-09,
          0.033468574,
          0,
          0.012854346,
          0.9233031,
          -0.38385674,
          0,
          -0.030901639,
          0.38407195,
          0.9227859,
          0,
          0.117208704,
          38.225018,
          76.064156,
          1
        ]
      },
      {
        "date" : 774509604.397066,
        "title" : "Untitled",
        "transform" : [
          0.9994397,
          -6.842907e-09,
          0.033468574,
          0,
          0.012854346,
          0.9233031,
          -0.38385674,
          0,
          -0.030901639,
          0.38407195,
          0.9227859,
          0,
          1.1923771,
          388.86737,
          773.8091,
          1
        ]
      },
      {
        "date" : 774509570.200416,
        "title" : "Untitled",
        "transform" : [
          0.9994397,
          -6.842907e-09,
          0.033468574,
          0,
          0.012854346,
          0.9233031,
          -0.38385674,
          0,
          -0.030901639,
          0.38407195,
          0.9227859,
          0,
          0.115668476,
          37.72271,
          75.064606,
          1
        ]
      },
      {
        "date" : 774509569.051514,
        "title" : "Untitled",
        "transform" : [
          0.9994397,
          -6.842907e-09,
          0.033468574,
          0,
          0.012854346,
          0.9233031,
          -0.38385674,
          0,
          -0.030901639,
          0.38407195,
          0.9227859,
          0,
          -1.3979437,
          56.535606,
          120.262764,
          1
        ]
      },
      {
        "date" : 774508504.982426,
        "title" : "Untitled",
        "transform" : [
          0.9994397,
          -6.842907e-09,
          0.033468574,
          0,
          0.012854346,
          0.9233031,
          -0.38385674,
          0,
          -0.030901639,
          0.38407195,
          0.9227859,
          0,
          1.4109945,
          21.622185,
          36.395596,
          1
        ]
      },
      {
        "date" : 774508496.868406,
        "title" : "Untitled",
        "transform" : [
          0.9998307,
          -6.842907e-09,
          0.018398106,
          0,
          0.0070662023,
          0.9233031,
          -0.38400692,
          0,
          -0.016987026,
          0.38407195,
          0.92314684,
          0,
          12.137802,
          18.384674,
          42.264313,
          1
        ]
      },
      {
        "date" : 774508441.197747,
        "title" : "Untitled",
        "transform" : [
          0.9998307,
          -6.842907e-09,
          0.018398106,
          0,
          0.0070662023,
          0.9233031,
          -0.38400692,
          0,
          -0.016987026,
          0.38407195,
          0.92314684,
          0,
          6.2332087,
          9.441208,
          15.610361,
          1
        ]
      },
      {
        "date" : 774436591.920704,
        "title" : "Untitled",
        "transform" : [
          0.9998307,
          -6.842907e-09,
          0.018398106,
          0,
          0.0070662023,
          0.9233031,
          -0.38400692,
          0,
          -0.016987026,
          0.38407195,
          0.92314684,
          0,
          -1.9064357,
          10.77861,
          14.904163,
          1
        ]
      }
    ]
  },
  "sceneViewportBackgroundColors" : {

  },
  "selectedSceneRelativePath" : "Immersive.usda"
}